-0.46404988816647796 0.17169445096526037 -0.24371578569708977
-0.5231352212964112 0.36481086782731076 0.7131271321823632
0.5032582294218616 0.2884301680651348 -0.30269132725441605
0.5361247092912445 -0.5675183355803073 0.09773051790095974
0.6551749196143297 0.41717907053893044 0.5847958234985875
0.8921401577212894 -0.38943356290319786 -0.2057582631152835
0.0642939297306472 0.04573293025071812 0.7715362924748667
0.41319165377780287 -0.17353382872258366 -0.5305386090835983
-0.5377216683797011 -0.399007458722012 -0.3905088657974111
0.435274153610837 0.2793472289053184 0.30119006198972126
-0.005799961994605434 0.8367824708982404 0.15475851353583875
0.7594284503058784 -0.5539834824979774 0.28763549437379987
-0.4478638411387954 0.8515529844639163 0.27252281644650916
-0.40583868917940846 0.21669206848087597 -0.3536231888661475
0.5261994231394456 0.22459628879932894 -0.4599032456986396
-0.32639966686451033 0.16994728975267076 -0.11454898355662464
0.45645558984063667 -0.4725052392659861 -0.3881739337293345
-0.43937024817026876 -0.18808205461105557 -0.5882342164311843
-0.3301434066279528 -0.5264408024315278 0.24446385373796617
-0.30270693932700937 -0.3271738776582296 -0.28032888871121003
-0.6496959418901636 -0.6876107225754036 -0.020725468520095616
0.7013185496195945 0.33074248639664766 0.21951246498192908
-0.735774902736852 0.3804190127045229 -0.20056213797980055
-0.5425766452524845 -0.38440838019948714 -0.5296367608196135
-0.673305293350595 0.4094685023445099 -0.5484305252167423
0.6055016720183046 0.1854287938739672 0.7380768183321963
-0.07487645244087639 0.3298311688786606 -0.4492389489504027
-0.25091392163433585 0.7774349413458268 0.34730706050901844
-0.7014347830386489 0.6411398134115913 0.12900472583274708
0.6639587656230237 0.47102029241149684 -0.4462282317620877
-0.6244091239742914 0.08590565230028946 0.7725635296759217
0.3364324985958373 -0.34007740938457837 -0.792917521140886
0.25699585509535333 -0.5685889060250574 0.5366503058895304
-0.8460465678924394 0.4921951095914644 -0.04793594603715207
-0.3116176162879485 -0.6987824288308513 -0.5460695650540707
0.6843641679911574 0.5664094849655008 0.3445478949724726
0.313023463499603 0.4486729195292882 -0.16594393450249675
0.4523172204713627 -0.3412888404633996 -0.16054860113925518
-0.6403009344385412 0.4019410472919241 -0.1808593066511355
-0.4886400416530422 -0.15191826955602122 0.3554181456113838
0.5947278713255367 -0.5376032561022946 -0.5140510277179372
-0.623214029948615 0.45004148120615084 0.2816697637301696
-0.061638849841998154 -0.4061105721906581 0.10832521567849437
-0.8888127546591847 -0.014767793317114202 -0.29786072354303333
0.08312541176934805 0.11956387433490306 -0.693293165878533
-0.351337057854141 -0.11891802915231936 -0.6835323663651584
0.4421623901497605 -0.48866523918929977 0.1972250882183967
0.41608364521848673 0.3685580752126119 -0.7084860993663432
-0.021442211080831716 0.759708597733414 0.20311358182929315
-0.4315437466537093 -0.4704799648450593 0.6783018094448626
-0.32276889068223874 -0.18242427412585216 0.4144696051535778
0.3818823803688746 -0.2975792636780487 -0.8612374773084877
0.33225656050188035 0.6621197513353999 0.4591090448474294
0.2808295579362786 0.6118444694112879 -0.34412226582265565
0.16485405386760954 -0.5896668754070393 0.6964034669075185
0.6672849826742178 0.14229207093297758 0.5275812624762704
-0.7998961330147142 0.23266079923605962 -0.07386648252514787
0.19184350969804065 -0.09048275011232082 -0.29745782567261375
0.41291042224025487 -0.2118729657500195 0.7988306862667673
-0.5330396539492237 -0.4958998798945544 -0.6408451212365353
-0.6144166340451325 0.3765691348539428 -0.643477172884223
-0.2977158447983124 -0.05157543156510218 0.5658568388475763
0.26050474468145524 0.546213774958903 -0.25509935443101495
-0.04638100436917718 -0.6655247851952601 0.6236433597169417
0.46301166053382437 -0.07164026219685739 0.6558824239683226
0.2653756770291194 -0.49598001480726533 -0.3871049914090616
-0.32192444475402254 -0.23762912382167442 0.34873341421040277
-0.1483488580627685 -0.1848844587447477 -0.3291573457572171
0.18369512760763118 -0.4526959193387506 -0.5909805981862213
0.2579774625270411 0.17328921376068715 -0.033272814425872176
0.7835020445815477 0.3553790502872672 0.19926118676911997
0.761281958208069 0.07496519747963444 -0.281630574073547
0.03908564821930433 0.9100214709644858 -0.09492489246950735
-0.528771930579313 -0.0761257647932241 0.047287774905448714
0.22037410148987197 0.6561105752730619 -0.10277879128838115
-0.5569091532681685 0.2390916835032916 -0.6955692033271741
0.6329229766220346 -0.20135530331630042 0.19040494451006026
-0.7288005450679037 -0.5164785025413196 0.36484890188505875
0.6528468291724889 -0.3348609938622219 0.5361252117438392
0.4829205994258345 -0.28923573179592826 0.3713939605716072
0.3510488984224863 -0.3347375950086813 0.019953375343536847
-0.25046968669397274 0.41008471241903927 0.6524985501132039
0.5637011089639004 0.14100779482865267 -0.6000186470394558
-0.08567666088650974 -0.1594311275737911 0.3305672568023706
-0.1530240436419112 0.1135130434349601 0.8401077684029297
0.27091426363719945 -0.29850974346556025 0.5174268611989544
0.1893320052195509 -0.23529243134925087 -0.021811197135510406
-0.713502252476123 -0.05046370339619679 0.619812307814099
-0.6399849417371176 0.7029459889756567 0.2428139484406386
-0.5134961260417477 0.2602807745551842 0.8112543189790212
0.29778297868138015 0.228626458916848 -0.2827608885516512
-0.9455704734260099 0.2645314418519353 0.005943019025531021
0.3410762283814213 0.33316489015057316 0.7480655130640811
0.0812217447172127 -0.711930938911706 0.6480237538639549
-0.13979962151431516 -0.7428354626346202 0.17740612867344827
-0.5784129720269556 0.5127642692447257 0.24010652814636363
-0.196437955170288 0.6789777600971666 -0.5770901934623578
-0.2867554120124973 0.2047176282024098 0.24420791125868704
0.12218258583651793 0.010122014063702904 -0.10897441070174835
0.41760264090785537 0.6962064196620736 0.25840911467654254
-0.35601307234050295 0.4257106385991492 0.18302599693351704
0.21677489016111431 0.3341360439409137 -0.588868367681528
0.2627465179265234 0.4208639165945844 0.6092140930244706
0.04131349013432242 0.5173955351856465 -0.5780586512666129
0.5729975220251344 0.6407037987046362 -0.20100905755508722
-0.2159785089876125 0.3787447792039812 0.16837492590145559
-0.2924000262196412 0.6676144943174187 0.6515827501751627
-0.7692352983610348 0.4320079190767941 -0.2811475814040725
-0.6185056165947285 0.43895668544471805 0.15367674369763587
0.06404005704720958 -0.6072498669196719 -0.4874509079526078
-0.3174003314853043 -0.14763926801278354 -0.3167728385438889
0.5048889673771244 0.4434948675408653 -0.5703982334024126
0.5712771758723548 -0.3733184440929149 -0.03289161446116992
0.7994435248819226 0.2661375736427832 0.4859466765998763
0.2312414083184176 0.3944539515944427 0.3644440630096892
0.23753650232656354 -0.2733692478650169 0.8901614554530651
0.19273148571126583 -0.6711502716587463 0.4532868882226517
-0.3252356907854631 -0.3170355039486971 -0.2448920361712023
0.4753473136460519 0.3081688717166397 -0.431505529579007
0.4272641873343869 -0.058767983833360155 0.6762170207745402
0.12047421775124133 -0.9567912713740976 0.03450650943540701
-0.12027582465185807 -0.3189678786625455 0.5169687791052102
0.05459013837802976 0.18071102614876117 0.36741464979967275
-0.35111110207870816 -0.13323058449176645 0.9095663979332792
0.49723213582761877 0.3077098213803925 -0.5641522346490561
0.4345859261128237 0.30585422676158186 -0.591896516241865
0.5026769269515116 0.27101075254182555 0.20423068266430577
-0.7420578649245646 0.25606508785359544 0.40737067480598277
-0.28211364161180963 0.4455515761910095 -0.5680386166992122
0.41934793540869886 0.4283633760517759 -0.6843970286784524
0.234714225925088 -0.5966405062150129 0.15498867848983333
-0.6176219598931543 0.6552907605982687 0.1727108043731881
-0.47191456673095683 0.5515000590981951 0.16033273453584268
0.6684236554977094 -0.5699032773411392 -0.40814282833915716
0.5149309016301714 0.2696946620402643 0.3322312820932154
-0.5898053432456911 -0.3459892044493115 -0.35600644292409583
-0.6777097679040675 -0.647972670095789 -0.09888971368159727
-0.2038217715744233 -0.3392008987946953 -0.8116545026769936
0.47311600347434035 0.720945553002752 -0.22363149843960017
-0.2003823391456382 -0.47546116788579507 -0.1302501466571675
-0.5942467728593699 0.40207861567162706 -0.5227044428177785
-0.6834874882410882 -0.04148213966734036 -0.3260558784696062
0.26219821265404625 -0.6789948007471259 -0.5995162128460529
0.6925414494650408 0.5649304210366944 -0.05811545101672977
-0.015247399696066878 0.5614433982853723 -0.21449490937114543
0.22738613927379725 0.5713757204914872 -0.5919410708991314
-0.30657980707990007 0.39103197414296625 0.3698260346390041
-0.6306240551716981 0.5053121381640856 -0.28677870249527715
0.5190783387067862 -0.6928625396441377 -0.4925951392401909
-0.3383350496929686 -0.13379609964158676 -0.8552612790656287
-0.5437866110878878 0.3628206602072023 -0.3097852747573599
0.44097799711218433 0.044277646206774775 0.6026760236536389
0.4644760151659718 0.370845648243729 0.301943110149841
0.27282582519211757 0.1603865907524091 0.8829265880734234
-0.4564435012021303 -0.06616319487928686 -0.3628521952386895
-0.3598768721044069 -0.04154343644889075 0.49861930481422556
-0.03330164791697087 0.3230495404570335 -0.49373332962781724
0.052738543277194176 0.6044417072768551 -0.18833944505054312
0.36193800835065176 -0.0489944415443098 0.36940787589867946
-0.25121981531587734 0.43439410330702416 -0.7021443082590412
-0.13958239840435008 -0.6904788445367789 0.6321548120355069
-0.05913778850017835 -0.9640150322700447 0.0600507490927608
0.5983265459984997 -0.374029227782285 0.60231419524431
-0.3302492873352859 0.2030536999796607 -0.023534410551885192
-0.1438386558243723 0.6639859266655496 -0.5096042130156561
0.6382429891925597 0.3068243121866363 0.5182682821857185
-0.15176727333466236 -0.06322424271318466 -0.12666352328088434
0.1338057412092392 0.2442908615151129 -0.14128888675412374
-0.052953747406332255 0.08881314263929686 0.7493932069301333
-0.5405563647301145 0.5529614455515709 -0.32428976352645533
-0.06341429785903491 0.2035593674128052 -0.2108597028680237
-0.3445035858568467 -0.37515976332028267 0.41371261422917244
-0.6773824073728414 -0.5847560072319535 -0.35518005074335296
-0.5354103691167168 0.4887452536012516 -0.5952916142523158
0.3121261921559419 -0.2771688695784806 -0.20679499906716134
0.5129812342659467 0.4903692892061736 0.15534978872100746
0.1469750849260606 0.6577988784102375 -0.7227939016533034
-0.4142087075211281 0.00802793546743512 -0.026465790759139206
-0.029419911455024796 -0.17011709147930335 0.5513211667360038
-0.386724817033786 -0.15148528921290064 -0.14508963658574478
-0.0018864672328031838 -0.5731856160513055 -0.33730825151804095
0.1773005432763324 -0.036019922465809484 0.8622536434902576
0.41494023791083096 0.2245755378645634 0.4017881634450107
0.6355648692610205 -0.16672466816540213 -0.38429580473854963
-0.5381265813876392 -0.4372892190598981 -0.5749242530614849
0.13293177873615528 0.11975194394962624 0.7052622832755511
-0.4338975354175718 0.29147268708926777 0.4269527703070372
-0.3724321420877949 0.4980967907521869 -0.5522809566411251
0.4466116803519961 -0.7460689268461254 0.40870873340389796
0.4556520842794854 -0.4234704730284453 -0.7137559564926506
-0.6129424772226498 0.531200693701157 0.39631362656763114
-0.45671769354753433 -0.06291555856486461 -0.44768582082734293
0.33507170252659907 0.09346999385193629 -0.32679492480013894
-0.07624392946753138 0.3955819417729825 -0.48616624952415666
0.23024801760301727 0.514788317237249 -0.5482417033481686
-0.34250887099245403 0.3210405038300661 -0.5341267370907348
-0.3644254951295203 -0.21551592841161013 0.20923410528143396
0.6218940124446641 0.2575840102683729 -0.5591728334703285
-0.7061675819213729 -0.13794677717609052 0.15226842270747779
0.17624348624715827 -0.10703932934350477 -0.5876569922967313
-0.31626177620102874 -0.5626368587504558 0.7620498503597767
-0.621516612026595 -0.33752846586616186 0.49650160221418854
-0.37162632492962094 0.13995960925118517 0.8156107377825642
0.3763486632601491 0.393396237217056 -0.3590465716547921
-0.5417434108044331 0.6429880593950088 0.20796349218750934
0.38537963106889955 0.09456421284949358 -0.8517125499709726
0.3376009802986493 0.13094001434217853 -0.8716895265839645
-0.3666712772101472 -0.20363974321013179 -0.5049014368517595
0.8760001287332768 -0.26580336671202753 -0.28541898252769743
0.4773153238779749 0.5503694939409883 0.3519997456081755
0.4150959150551233 -0.17376359735538147 0.4882976137591517
0.12121206890363029 0.25002236639994496 -0.3725760216520883
-0.4997918287589943 0.351055940022947 -0.4424572828995653
-0.26254753334833186 0.6518846606211796 0.6824033948282261
-0.45094989827517357 -0.3866534909248072 0.493498589540389
0.3675049323495972 -0.6034947844921582 -0.4420343391226784
0.12308773297965904 0.7708315748986508 0.5035475510643146
0.5380871017798551 0.12443761993303677 0.8289868073500349
0.16301440952216267 0.25353907696992595 -0.7018847238677586
0.2736082432033127 0.7858141028230636 0.31851422180608424
-0.4624205206332776 -0.5854900743206212 -0.6380064536000724
0.5314216474649915 -0.5142353926980738 -0.624830767582562
-0.5306148739425827 0.2047210925475033 0.6640027499159034
-0.036193296310405514 0.7755491914282966 0.24748180087498747
0.2321161255106945 -0.12491635644191719 -0.21365801229277318
0.2810867514409392 -0.04381805008956387 0.532827988861472
-0.42711320319515766 -0.6782562119329341 -0.15812444162704958
-0.5868958229720889 -0.2557137824926288 0.6087205605197067
-0.5377278173383241 0.12608998562645524 -0.3222390945342133
-0.5704929269404417 -0.6315415964192366 0.40413438729861273
-0.33346143027854175 -0.3200337225269309 0.009967157248179448
-0.13567346989964868 -0.008784235088136642 -0.12914631581498906
0.19579676757182177 0.9607208855889328 -0.1513008518074991
-0.07727411249403139 -0.1742968213003341 0.4870562667170453
-0.4474154881961607 -0.19512893374778728 -0.6754814465415852
-0.2852522190273106 -0.5223541365063862 -0.7529152877233481
-0.03886472913733151 0.08857824950425294 -0.9126429249448839
-0.4102624705111127 -0.5290385883189859 -0.6302636746890936
-0.49451128324587273 0.4498417769094028 -0.2953558538599881
0.3410386865608246 -0.005963978310492313 0.7749374042679086
-0.24540138812136855 0.8150593882390469 0.32575613677587417
0.058140844801910625 0.23988880624865533 -0.24364128889595638
-0.4868286574907463 0.18569117774827834 -0.45111708504006653
0.35051199075570544 -0.8736789550739067 0.09805945557279337
-0.48595336668974914 -0.39959737885935953 -0.11782871079242932
0.5758887147619562 -0.16054903372959164 -0.6812423842800229
-0.10501334020879066 -0.435897683942993 0.4977976021563384
0.16904771014442543 -0.3080288470297828 0.6182606890883391
0.19397019834333715 -0.8471404379676514 -0.32797316205808486
-0.6133617452993853 0.5841499515307474 -0.2041688066474747
0.269058987685478 0.260194511035111 -0.10523988641876289
0.5036544028883383 -0.00867401724364062 -0.40608487961755885
-0.47506853225704826 0.11204534976960877 0.43199331471893804
-0.002976964636373083 -0.6417716921984346 -0.7140682058890163
-0.5072990184810116 -0.48421747998928427 -0.03827835290461753
-0.3111453472033846 -0.2296916652952105 0.7304860787760913
-0.37220480272756507 0.5397624226323434 -0.5560468056135163
0.15066097963217298 0.4992749443470729 0.661780577107901
0.28013618346474595 -0.04388516047459397 0.46323434969681354
-0.3953866097565388 0.5138218751721524 -0.3997653388044766
0.4754127030612882 0.4233272994149224 -0.5581260110114827
-0.3100746276715754 0.3677821275432601 0.6795184897410717
-0.022145941901635015 -0.325049344336058 0.21093249850248483
-0.5108035923865639 0.3361778968662672 0.07700195838194766
0.12860539140462698 -0.20888648556633513 -0.1596937741677402
0.3331166509923527 0.15811176591631743 -0.364520950248846
-0.626036376044903 0.11554725288947726 -0.34894673820088734
-0.42731485154169147 -0.005002979624610553 0.8357093044807287
0.0164632537619665 0.2389049104546228 0.48609706961332394
0.36511930603789094 -0.6642092855488666 -0.08187423583740033
0.00026716517333303123 -0.6309715168151339 -0.31007700480965084
0.36663551441692427 -0.32671321286417454 0.6866686005631422
-0.7893632024293075 0.03720994715567836 -0.10380241787170748
0.5251194831488113 -0.5938617672033948 -0.590406165484962
-0.1978553402322016 0.05421081322250971 -0.8231144339339187
-0.18206553576440054 -0.49268637148359906 -0.4886180049829815
0.01769366696018943 -0.7578663494283637 -0.3651232591348655
-0.13421266010715155 -0.349459001064372 0.2922994872451302
-0.3471928974126383 0.8411341116195044 -0.01335390114942554
-0.3746661815886788 -0.40491538279561157 -0.4602082711754153
-0.6841788289542535 -0.5746198677442951 -0.4408617443862185
-0.11669074042064323 -0.6476190055044105 -0.05047761378493685
-0.6082284248052025 -0.32568689713981364 -0.43385172177057335
0.03514375281687656 0.15820446896239085 -0.025851826082889075
0.1714496670366237 -0.7108651463483617 0.16577127944561404
-0.46169465372165486 -0.533875661125235 -0.36099605962562004
-0.4543875138653567 0.35698189243117323 -0.4649838277925398
0.14776212099195182 0.7804175249484757 -0.5141231288837306
-0.4327209838171357 0.5840450601883772 0.6342068011756964
0.4068905462537894 -0.4374107508093148 -0.4238871312844995
-0.21576062699104262 0.6386976991536563 -0.4483262122186653
-0.31333196565340554 -0.6026300746984534 0.12339323643118964
0.4639659334049676 -0.6237412099591514 -0.24980518029404336
0.022048966896126728 -0.5263798132571935 -0.29328823047676195
-0.021266005249757847 0.6679172610125362 0.343774517133401
-0.35466594672171814 0.41537802626556314 0.5429053260776459
0.017504202603158873 -0.60750152010862 -0.6655358097134747
-0.6500710106195657 0.17055848880534974 -0.12063818347668633
-0.2649490143235749 0.6052203233715983 0.2156349937697864
0.560720025151625 0.35135429695893244 -0.2022112713994051
