908
4659
3416
3031
4659
1444
1444
4659
2275
4659
3031
4257
3031
3281
3466
1278
3336
1167
3336
3746
1966
1531
3281
2073
1444
3452
3938
3031
1444
83
3439
3281
83
3281
3031
83
1444
3938
83
3938
3439
83
2275
1134
504
908
3416
1558
3416
1278
1558
1278
2796
1558
2796
4792
1035
4792
763
1035
763
3452
1035
3452
2796
1035
4659
4257
2377
3281
1531
2377
3336
3140
624
1167
3336
624
3140
1167
624
1278
1167
342
763
1278
342
1167
3140
342
3416
4659
647
1966
3746
647
3336
1966
647
303
3416
647
3746
303
647
2377
1531
647
3336
1278
689
303
3336
689
1278
3416
689
3416
303
689
3746
3336
1543
303
3746
1543
3336
303
1543
1531
2073
731
647
1531
731
3938
3452
2701
3439
3938
2701
3452
3439
2701
2796
1278
3191
4792
2796
3191
763
4792
3191
1278
763
3191
3140
3336
660
3336
647
660
647
731
660
2073
3281
4365
3281
3439
4365
3439
2256
4365
731
2073
4365
2256
660
4365
660
731
4365
1586
2256
2402
3452
763
2402
763
342
2402
342
1586
2402
3439
3452
2402
2256
3439
2402
342
3140
412
2256
1586
412
1586
342
412
1444
2275
1240
3452
1444
1240
504
1134
1240
2275
504
1240
4801
3452
1240
4659
908
2443
2275
4659
2443
1134
2275
2443
908
1558
2443
1558
2796
3489
2796
3452
3489
1240
1134
3489
3452
4801
3489
4801
1240
3489
4257
3031
999
3466
3281
999
3031
3466
999
2377
4257
999
3281
2377
999
4659
2377
3468
647
4659
3468
2377
647
3468
3140
660
4044
660
2256
4044
412
3140
4044
2256
412
4044
1134
2443
1318
2443
1558
1318
1558
3489
1318
3489
1134
1318
